0.000500250125062531
0.00250125062531266
0.00350175087543772
0.00400200100050025
0.00500250125062531
0.00550275137568784
0.00600300150075037
0.00650325162581291
0.00750375187593797
0.00850425212606303
0.00900450225112556
0.0100050025012506
0.0105052526263132
0.0110055027513757
0.0120060030015007
0.0125062531265633
0.0135067533766883
0.0140070035017509
0.0145072536268134
0.0150075037518759
0.0155077538769385
0.0170085042521261
0.0180090045022511
0.0185092546273137
0.0210105052526263
0.0220110055027514
0.0225112556278139
0.0230115057528764
0.0270135067533767
0.0275137568784392
0.0280140070035017
0.0285142571285643
0.0315157578789395
0.032016008004002
0.0335167583791896
0.0350175087543772
0.0360180090045022
0.0375187593796898
0.0380190095047524
0.0390195097548774
0.03951975987994
0.0400200100050025
0.040520260130065
0.0430215107553777
0.0440220110055028
0.0445222611305653
0.0465232616308154
0.048024012006003
0.0495247623811906
0.0505252626313157
0.0515257628814407
0.0525262631315658
0.0540270135067534
0.0550275137568784
0.055527763881941
0.0560280140070035
0.0570285142571286
0.0575287643821911
0.0585292646323162
0.0595297648824412
0.0605302651325663
0.0610305152576288
0.0625312656328164
0.0630315157578789
0.0635317658829415
0.064032016008004
0.0645322661330665
0.0650325162581291
0.0655327663831916
0.0660330165082541
0.0675337668834417
0.0685342671335668
0.0690345172586293
0.0695347673836918
0.0700350175087544
0.0705352676338169
0.0710355177588794
0.071535767883942
0.0720360180090045
0.0730365182591296
0.0745372686343172
0.0750375187593797
0.0755377688844422
0.0760380190095047
0.0765382691345673
0.0780390195097549
0.0785392696348174
0.0790395197598799
0.0795397698849425
0.080040020010005
0.0810405202601301
0.0820410205102551
0.0825412706353177
0.0840420210105052
0.0850425212606303
0.0860430215107554
0.0865432716358179
0.0870435217608804
0.087543771885943
0.0880440220110055
0.0895447723861931
0.0915457728864432
0.0920460230115057
0.0925462731365683
0.0935467733866933
0.0945472736368184
0.0950475237618809
0.0965482741370685
0.0975487743871936
0.0980490245122561
0.0985492746373186
0.100050025012506
0.101050525262631
0.102051025512756
0.102551275637819
0.104052026013006
0.104552276138069
0.105052526263132
0.106053026513257
0.106553276638319
0.108054027013507
0.109054527263632
0.110555277638819
0.111055527763882
0.11255627813907
0.113056528264132
0.115057528764382
0.115557778889445
0.11655827913957
0.117558779389695
0.118059029514757
0.119059529764882
0.120060030015007
0.121060530265133
0.121560780390195
0.12256128064032
0.123561780890445
0.124062031015508
0.12456228114057
0.125062531265633
0.127063531765883
0.127563781890945
0.128064032016008
0.130065032516258
0.131065532766383
0.133566783391696
0.134067033516758
0.136568284142071
0.137568784392196
0.138069034517259
0.138569284642321
0.140570285142571
0.141070535267634
0.142571285642821
0.144072036018009
0.144572286143072
0.148574287143572
0.149574787393697
0.151575787893947
0.152076038019009
0.152576288144072
0.153076538269135
0.153576788394197
0.15407703851926
0.157078539269635
0.15807903951976
0.159579789894947
0.16008004002001
0.161080540270135
0.163081540770385
0.16408204102051
0.165082541270635
0.165582791395698
0.16608304152076
0.167083541770885
0.167583791895948
0.16808404202101
0.168584292146073
0.169584792396198
0.170085042521261
0.170585292646323
0.171085542771386
0.172586293146573
0.173086543271636
0.173586793396698
0.174087043521761
0.174587293646823
0.175587793896948
0.176088044022011
0.176588294147074
0.177588794397199
0.178089044522261
0.179089544772386
0.179589794897449
0.181090545272636
0.181590795397699
0.183591795897949
0.184592296148074
0.186093046523262
0.186593296648324
0.187593796898449
0.188594297148574
0.189094547273637
0.190095047523762
0.190595297648824
0.191595797898949
0.192596298149075
0.1935967983992
0.194097048524262
0.19559779889945
0.196598299149575
0.197098549274637
0.1975987993997
0.198099049524762
0.19959979989995
0.200100050025012
0.200600300150075
0.201100550275138
0.2016008004002
0.202101050525263
0.20360180090045
0.204102051025513
0.204602301150575
0.205102551275638
0.206103051525763
0.207103551775888
0.208604302151076
0.212606303151576
0.213106553276638
0.213606803401701
0.214107053526763
0.214607303651826
0.215107553776888
0.216108054027013
0.216608304152076
0.217108554277139
0.218109054527264
0.218609304652326
0.219609804902451
0.220610305152576
0.221110555277639
0.221610805402701
0.222111055527764
0.224112056028014
0.225612806403202
0.227113556778389
0.227613806903452
0.228114057028514
0.229114557278639
0.234617308654327
0.23511755877939
0.235617808904452
0.23711855927964
0.238119059529765
0.238619309654827
0.24112056028014
0.241620810405203
0.24312156078039
0.244622311155578
0.24512256128064
0.246623311655828
0.24712356178089
0.247623811905953
0.248124062031016
0.248624312156078
0.249624812406203
0.250625312656328
0.251125562781391
0.253626813406703
0.255127563781891
0.255627813906953
0.256128064032016
0.257128564282141
0.257628814407204
0.259129564782391
0.261630815407704
0.262131065532766
0.262631315657829
0.263631815907954
0.264132066033016
0.264632316158079
0.265132566283142
0.266133066533267
0.266633316658329
0.267633816908454
0.268134067033517
0.268634317158579
0.269134567283642
0.269634817408704
0.271135567783892
0.271635817908954
0.272136068034017
0.273136568284142
0.273636818409205
0.274137068534267
0.275637818909455
0.27663831915958
0.277638819409705
0.278139069534767
0.279139569784892
0.279639819909955
0.282141070535268
0.283141570785393
0.283641820910455
0.28464232116058
0.285142571285643
0.286143071535768
0.289144572286143
0.290145072536268
0.290645322661331
0.291645822911456
0.292646323161581
0.293146573286643
0.295147573786893
0.296148074037018
0.297148574287144
0.298149074537269
0.299149574787394
0.300650325162581
0.301150575287644
0.302651325662831
0.303651825912956
0.304652326163082
0.305652826413207
0.306653326663332
0.307153576788394
0.307653826913457
0.308154077038519
0.309654827413707
0.310155077538769
0.312656328164082
0.315157578789395
0.315657828914457
0.31615807903952
0.317158579289645
0.31815907953977
0.319159579789895
0.319659829914957
0.32016008004002
0.32216108054027
0.322661330665333
0.32416208104052
0.329164582291146
0.330165082541271
0.331665832916458
0.333666833416708
0.334167083541771
0.334667333666833
0.335667833916958
0.337168584292146
0.337668834417209
0.338169084542271
0.339669834917459
0.340170085042521
0.340670335167584
0.341170585292646
0.343671835917959
0.346173086543272
0.348674337168584
0.349174587293647
0.351175587793897
0.351675837918959
0.352176088044022
0.35367683841921
0.354177088544272
0.354677338669335
0.35567783891946
0.356178089044522
0.357178589294647
0.35767883941971
0.358679339669835
0.361180590295148
0.36168084042021
0.362181090545273
0.36368184092046
0.366683341670835
0.36768384192096
0.368684342171086
0.369684842421211
0.371185592796398
0.371685842921461
0.373186593296648
0.373686843421711
0.375687843921961
0.376688344172086
0.377688844422211
0.378189094547274
0.379689844922461
0.381190595297649
0.382191095547774
0.382691345672836
0.385692846423212
0.387693846923462
0.388194097048524
0.389194597298649
0.389694847423712
0.390195097548774
0.390695347673837
0.391195597798899
0.391695847923962
0.392196098049024
0.392696348174087
0.394197098549275
0.3951975987994
0.395697848924462
0.396698349174587
0.39719859929965
0.398199099549775
0.400200100050025
0.400700350175088
0.402201100550275
0.403701850925463
0.404202101050525
0.40520260130065
0.406703351675838
0.4072036018009
0.410705352676338
0.411705852926463
0.412706353176588
0.413706853426713
0.414207103551776
0.415707853926963
0.416208104052026
0.416708354177089
0.418709354677339
0.420210105052526
0.420710355177589
0.422211105552776
0.426713356678339
0.427713856928464
0.428214107053527
0.428714357178589
0.429714857428714
0.430715357678839
0.431715857928964
0.435717858929465
0.436218109054527
0.437718859429715
0.438219109554777
0.43871935967984
0.439219609804902
0.439719859929965
0.44072036018009
0.442221110555278
0.44272136068034
0.443221610805403
0.443721860930465
0.444222111055528
0.44472236118059
0.44672336168084
0.447223611805903
0.447723861930965
0.449224612306153
0.449724862431216
0.450725362681341
0.451725862931466
0.453226613306653
0.453726863431716
0.454727363681841
0.457228614307154
0.457728864432216
0.459229614807404
0.459729864932466
0.460230115057529
0.461230615307654
0.461730865432716
0.462731365682841
0.465232616308154
0.465732866433217
0.467233616808404
0.468234117058529
0.468734367183592
0.469234617308654
0.470735367683842
0.471235617808904
0.471735867933967
0.472736368184092
0.474737368684342
0.475237618809405
0.477238619309655
0.477738869434717
0.47823911955978
0.479739869934967
0.48024012006003
0.480740370185093
0.481740870435218
0.48224112056028
0.482741370685343
0.483241620810405
0.48424212106053
0.484742371185593
0.485742871435718
0.48624312156078
0.486743371685843
0.487743871935968
0.488744372186093
0.489244622311156
0.489744872436218
0.490245122561281
0.491245622811406
0.492246123061531
0.494247123561781
0.495247623811906
0.495747873936968
0.497748874437219
0.498249124562281
0.499249624812406
0.500750375187594
0.501750875437719
0.502751375687844
0.503251625812906
0.503751875937969
0.504252126063031
0.504752376188094
0.505252626313157
0.505752876438219
0.506253126563282
0.506753376688344
0.507253626813407
0.507753876938469
0.508754377188594
0.510755377688844
0.511255627813907
0.511755877938969
0.51375687843922
0.514257128564282
0.514757378689345
0.516758379189595
0.51775887943972
0.518759379689845
0.519259629814907
0.51975987993997
0.52176088044022
0.522261130565283
0.523261630815408
0.524762381190595
0.52576288144072
0.526263131565783
0.52776388194097
0.528264132066033
0.528764382191096
0.529264632316158
0.530265132566283
0.530765382691346
0.531765882941471
0.532266133066533
0.532766383191596
0.533266633316658
0.533766883441721
0.534767383691846
0.535267633816908
0.536268134067033
0.536768384192096
0.537268634317159
0.537768884442221
0.540770385192596
0.542271135567784
0.542771385692846
0.543771885942971
0.544772386193097
0.545272636318159
0.546273136568284
0.547273636818409
0.548274137068534
0.548774387193597
0.549274637318659
0.549774887443722
0.550275137568784
0.550775387693847
0.551275637818909
0.551775887943972
0.552276138069035
0.554777388694347
0.55527763881941
0.555777888944472
0.556278139069535
0.557778889444722
0.558279139569785
0.558779389694847
0.562281140570285
0.562781390695348
0.56328164082041
0.564282141070535
0.56528264132066
0.56728364182091
0.567783891945973
0.568284142071036
0.56928464232116
0.571785892946473
0.572286143071536
0.573786893446723
0.575287643821911
0.575787893946973
0.576788394197098
0.577788894447224
0.578289144572286
0.578789394697349
0.579289644822411
0.580790395197599
0.581290645322661
0.582791395697849
0.583291645822911
0.583791895947974
0.584292146073036
0.585292646323162
0.586793396698349
0.587793896948474
0.588294147073537
0.588794397198599
0.589294647323662
0.590295147573787
0.591295647823912
0.591795897948974
0.592296148074037
0.593796898449225
0.59479739869935
0.596298149074537
0.597798899449725
0.600300150075037
0.6008004002001
0.601800900450225
0.602301150575288
0.60280140070035
0.603301650825413
0.604302151075538
0.6048024012006
0.605802901450725
0.607803901950975
0.608304152076038
0.608804402201101
0.609304652326163
0.611305652826413
0.611805902951476
0.612806403201601
0.613306653326663
0.613806903451726
0.616808404202101
0.617308654327164
0.617808904452226
0.618309154577289
0.620810405202601
0.621310655327664
0.622311155577789
0.622811405702851
0.623311655827914
0.624312156078039
0.624812406203102
0.625812906453227
0.626313156578289
0.627813906953477
0.628314157078539
0.629314657328664
0.630815407703852
0.632816408204102
0.633816908454227
0.63431715857929
0.634817408704352
0.635317658829415
0.635817908954477
0.636818409204602
0.64032016008004
0.640820410205102
0.641320660330165
0.641820910455228
0.64232116058029
0.643821910955478
0.645322661330665
0.645822911455728
0.647823911955978
0.648824412206103
0.649824912456228
0.650825412706353
0.651325662831416
0.651825912956478
0.652326163081541
0.653326663331666
0.656328164082041
0.657828914457229
0.658329164582291
0.659329664832416
0.661330665332666
0.661830915457729
0.662831415707854
0.664832416208104
0.666333166583292
0.667333666833417
0.667833916958479
0.669334667333667
0.669834917458729
0.670335167583792
0.671335667833917
0.671835917958979
0.672336168084042
0.673336668334167
0.674337168584292
0.674837418709355
0.675337668834417
0.676838419209605
0.679339669834917
0.680840420210105
0.682341170585293
0.68384192096048
0.684842421210605
0.685342671335668
0.68784392196098
0.688344172086043
0.689344672336168
0.690345172586293
0.690845422711356
0.691845922961481
0.692346173086543
0.692846423211606
0.695347673836918
0.696848424212106
0.699349674837419
0.700350175087544
0.701850925462731
0.703351675837919
0.705352676338169
0.705852926463232
0.708854427213607
0.709854927463732
0.711355677838919
0.711855927963982
0.712856428214107
0.713356678339169
0.714857428714357
0.715857928964482
0.716858429214607
0.718359179589795
0.720360180090045
0.72136068034017
0.721860930465233
0.722361180590295
0.722861430715358
0.723861930965483
0.724362181090545
0.724862431215608
0.725862931465733
0.726863431715858
0.72736368184092
0.727863931965983
0.729364682341171
0.729864932466233
0.731365682841421
0.733366683341671
0.733866933466733
0.734867433716858
0.735367683841921
0.735867933966983
0.737868934467234
0.738369184592296
0.738869434717359
0.740370185092546
0.740870435217609
0.741870935467734
0.744372186093046
0.746373186593297
0.746873436718359
0.747873936968484
0.748374187093547
0.748874437218609
0.751375687843922
0.75287643821911
0.753376688344172
0.756378189094547
0.75687843921961
0.758379189594797
0.759379689844922
0.76088044022011
0.761380690345173
0.761880940470235
0.762381190595298
0.76288144072036
0.763381690845423
0.763881940970485
0.76488244122061
0.765882941470735
0.767383691845923
0.768384192096048
0.770385192596298
0.770885442721361
0.771385692846423
0.772386193096548
0.773386693346673
0.773886943471736
0.774387193596798
0.777388694347174
0.777888944472236
0.779389694847424
0.780390195097549
0.780890445222611
0.783391695847924
0.783891945972986
0.784392196098049
0.784892446223111
0.785392696348174
0.786393196598299
0.786893446723362
0.787893946973487
0.788394197098549
0.788894447223612
0.789394697348674
0.790895447723862
0.791395697848924
0.792896448224112
0.793396698349174
0.7943971985993
0.794897448724362
0.795397698849425
0.795897948974487
0.79639819909955
0.797398699349675
0.7983991995998
0.798899449724862
0.799399699849925
0.799899949974987
0.80040020010005
0.801400700350175
0.8024012006003
0.802901450725363
0.803401700850425
0.80440220110055
0.805902951475738
0.806903451725863
0.807903951975988
0.80840420210105
0.809904952476238
0.812406203101551
0.814907453726863
0.815407703851926
0.816908454227113
0.817408704352176
0.817908954477239
0.818909454727364
0.819409704852426
0.819909954977489
0.820410205102551
0.820910455227614
0.821410705352676
0.822411205602801
0.822911455727864
0.823411705852926
0.824412206103051
0.824912456228114
0.825412706353177
0.825912956478239
0.826413206603302
0.830915457728864
0.831915957978989
0.832416208104052
0.832916458229115
0.833416708354177
0.83391695847924
0.834917458729365
0.835417708854427
0.836418209104552
0.83791895947974
0.838419209604802
0.839419709854927
0.83991995997999
0.840420210105052
0.84192096048024
0.843421710855428
0.844922461230615
0.845422711355678
0.84792396198099
0.848924462231116
0.849424712356178
0.849924962481241
0.850425212606303
0.850925462731366
0.851425712856428
0.851925962981491
0.852926463231616
0.853926963481741
0.854927463731866
0.858929464732366
0.859929964982491
0.861430715357679
0.861930965482741
0.862931465732866
0.865432716358179
0.866933466733367
0.869434717358679
0.869934967483742
0.871435717858929
0.871935967983992
0.872436218109054
0.87343671835918
0.873936968484242
0.874937468734367
0.87543771885943
0.875937968984492
0.876938469234617
0.87743871935968
0.878439219609805
0.87943971985993
0.880440220110055
0.881940970485243
0.88344172086043
0.883941970985493
0.885942971485743
0.886943471735868
0.887943971985993
0.889444722361181
0.889944972486243
0.890445222611306
0.891445722861431
0.892446223111556
0.893446723361681
0.897948974487244
0.898449224612306
0.898949474737369
0.899449724862431
0.899949974987494
0.900450225112556
0.900950475237619
0.901450725362681
0.901950975487744
0.902951475737869
0.903451725862931
0.903951975987994
0.904452226113056
0.905452726363182
0.908954477238619
0.909954977488744
0.910955477738869
0.911955977988994
0.912456228114057
0.913456728364182
0.913956978489245
0.915957978989495
0.91695847923962
0.91895947973987
0.919459729864932
0.920460230115058
0.92296148074037
0.925462731365683
0.925962981490745
0.92696348174087
0.92896448224112
0.929464732366183
0.930965482741371
0.931465732866433
0.933966983491746
0.936968484242121
0.938469234617309
0.939469734867434
0.941470735367684
0.943471735867934
0.943971985992996
0.944972486243121
0.945472736368184
0.947973986993497
0.949474737368684
0.949974987493747
0.950475237618809
0.950975487743872
0.951475737868934
0.951975987993997
0.955477738869435
0.955977988994497
0.95647823911956
0.956978489244622
0.957478739369685
0.957978989494747
0.95847923961981
0.958979489744872
0.96048024012006
0.961480740370185
0.96248124062031
0.962981490745373
0.963481740870435
0.96448224112056
0.964982491245623
0.965482741370685
0.96648324162081
0.967483741870935
0.967983991995998
0.968984492246123
0.969484742371186
0.972986493246623
0.973486743371686
0.973986993496748
0.974487243621811
0.976988494247124
0.977988994497249
0.980490245122561
0.980990495247624
0.981990995497749
0.982491245622811
0.982991495747874
0.983491745872936
0.983991995997999
0.986993496748374
0.987993996998499
0.988994497248624
0.989994997498749
0.990495247623812
0.990995497748874
0.991495747873937
0.993496748374187
0.994497248624312
0.994997498749375
0.9959979989995
0.996498249124562
0.99799899949975
0.998999499749875
0.999499749874937
1
0.001001001001001
0.002002002002002
0.0025025025025025
0.0035035035035035
0.0045045045045045
0.005005005005005
0.00600600600600601
0.00750750750750751
0.01001001001001
0.011011011011011
0.013013013013013
0.014014014014014
0.0145145145145145
0.015015015015015
0.0165165165165165
0.017017017017017
0.018018018018018
0.0185185185185185
0.02002002002002
0.0205205205205205
0.021021021021021
0.022022022022022
0.0225225225225225
0.023023023023023
0.024024024024024
0.026026026026026
0.0265265265265265
0.027027027027027
0.0275275275275275
0.0285285285285285
0.029029029029029
0.0295295295295295
0.03003003003003
0.0305305305305305
0.031031031031031
0.0315315315315315
0.033033033033033
0.0335335335335335
0.034034034034034
0.0345345345345345
0.0355355355355355
0.0375375375375375
0.0405405405405405
0.0415415415415415
0.0425425425425425
0.0435435435435435
0.045045045045045
0.046046046046046
0.0465465465465465
0.047047047047047
0.0475475475475475
0.048048048048048
0.0485485485485486
0.0495495495495495
0.05005005005005
0.0505505505505505
0.0520520520520521
0.0525525525525526
0.0545545545545546
0.0555555555555556
0.0560560560560561
0.0575575575575576
0.0580580580580581
0.0590590590590591
0.0595595595595596
0.0605605605605606
0.0610610610610611
0.0625625625625626
0.0630630630630631
0.0635635635635636
0.0650650650650651
0.0680680680680681
0.0685685685685686
0.0695695695695696
0.0700700700700701
0.0720720720720721
0.0735735735735736
0.0740740740740741
0.0745745745745746
0.0750750750750751
0.0760760760760761
0.0765765765765766
0.0775775775775776
0.0800800800800801
0.0805805805805806
0.0815815815815816
0.0820820820820821
0.0835835835835836
0.0840840840840841
0.0845845845845846
0.0850850850850851
0.0855855855855856
0.0860860860860861
0.0865865865865866
0.0870870870870871
0.0880880880880881
0.0885885885885886
0.0890890890890891
0.0900900900900901
0.0915915915915916
0.0920920920920921
0.0935935935935936
0.0945945945945946
0.0950950950950951
0.0955955955955956
0.0960960960960961
0.0970970970970971
0.0980980980980981
0.0985985985985986
0.0990990990990991
0.1001001001001
0.101601601601602
0.102602602602603
0.103603603603604
0.106106106106106
0.106606606606607
0.107107107107107
0.107607607607608
0.108108108108108
0.108608608608609
0.10960960960961
0.11011011011011
0.111611611611612
0.112112112112112
0.112612612612613
0.114114114114114
0.114614614614615
0.115115115115115
0.115615615615616
0.116116116116116
0.116616616616617
0.117117117117117
0.118118118118118
0.118618618618619
0.11961961961962
0.120620620620621
0.121621621621622
0.122622622622623
0.123623623623624
0.124624624624625
0.125625625625626
0.127627627627628
0.128628628628629
0.130630630630631
0.131631631631632
0.134134134134134
0.135135135135135
0.136136136136136
0.136636636636637
0.138138138138138
0.139139139139139
0.13963963963964
0.141141141141141
0.143143143143143
0.143643643643644
0.144644644644645
0.146646646646647
0.147147147147147
0.148648648648649
0.15015015015015
0.151651651651652
0.152652652652653
0.153153153153153
0.153653653653654
0.154154154154154
0.154654654654655
0.155155155155155
0.156656656656657
0.157157157157157
0.157657657657658
0.16016016016016
0.160660660660661
0.162662662662663
0.163163163163163
0.163663663663664
0.164664664664665
0.165665665665666
0.166166166166166
0.166666666666667
0.167167167167167
0.168168168168168
0.168668668668669
0.16966966966967
0.171171171171171
0.172172172172172
0.173173173173173
0.173673673673674
0.174174174174174
0.176176176176176
0.177177177177177
0.178178178178178
0.18018018018018
0.180680680680681
0.181181181181181
0.181681681681682
0.183183183183183
0.184684684684685
0.185185185185185
0.186686686686687
0.187187187187187
0.188188188188188
0.188688688688689
0.189189189189189
0.18968968968969
0.191191191191191
0.192192192192192
0.193693693693694
0.194194194194194
0.194694694694695
0.195195195195195
0.195695695695696
0.196696696696697
0.197197197197197
0.198698698698699
0.199199199199199
0.1996996996997
0.201201201201201
0.201701701701702
0.202702702702703
0.203203203203203
0.205705705705706
0.206706706706707
0.207207207207207
0.207707707707708
0.208208208208208
0.208708708708709
0.21021021021021
0.213713713713714
0.214714714714715
0.215715715715716
0.216216216216216
0.216716716716717
0.218718718718719
0.21971971971972
0.22022022022022
0.220720720720721
0.221721721721722
0.224224224224224
0.224724724724725
0.225725725725726
0.226226226226226
0.226726726726727
0.227227227227227
0.227727727727728
0.22972972972973
0.23023023023023
0.230730730730731
0.231231231231231
0.231731731731732
0.232232232232232
0.232732732732733
0.233233233233233
0.234734734734735
0.235235235235235
0.236236236236236
0.236736736736737
0.237237237237237
0.237737737737738
0.23973973973974
0.240740740740741
0.241741741741742
0.246246246246246
0.248748748748749
0.249249249249249
0.25025025025025
0.251251251251251
0.252252252252252
0.252752752752753
0.254254254254254
0.255755755755756
0.256256256256256
0.257257257257257
0.258758758758759
0.259259259259259
0.26026026026026
0.260760760760761
0.261261261261261
0.262262262262262
0.262762762762763
0.263263263263263
0.265265265265265
0.266266266266266
0.266766766766767
0.267267267267267
0.267767767767768
0.268268268268268
0.269269269269269
0.271271271271271
0.272272272272272
0.274274274274274
0.275275275275275
0.275775775775776
0.276276276276276
0.276776776776777
0.277277277277277
0.277777777777778
0.28028028028028
0.282282282282282
0.282782782782783
0.285285285285285
0.286286286286286
0.286786786786787
0.288288288288288
0.288788788788789
0.289289289289289
0.28978978978979
0.291791791791792
0.292792792792793
0.293293293293293
0.294794794794795
0.296296296296296
0.296796796796797
0.297797797797798
0.298798798798799
0.2997997997998
0.3003003003003
0.300800800800801
0.302302302302302
0.303803803803804
0.304304304304304
0.304804804804805
0.305305305305305
0.305805805805806
0.306806806806807
0.307807807807808
0.308808808808809
0.309309309309309
0.30980980980981
0.310810810810811
0.311311311311311
0.311811811811812
0.312312312312312
0.313813813813814
0.314314314314314
0.314814814814815
0.315815815815816
0.316316316316316
0.316816816816817
0.318818818818819
0.319319319319319
0.31981981981982
0.320820820820821
0.323823823823824
0.324824824824825
0.325325325325325
0.325825825825826
0.326826826826827
0.328328328328328
0.329329329329329
0.32982982982983
0.33033033033033
0.330830830830831
0.331331331331331
0.333333333333333
0.334334334334334
0.336336336336336
0.338338338338338
0.33983983983984
0.34034034034034
0.340840840840841
0.344844844844845
0.346846846846847
0.347847847847848
0.348348348348348
0.348848848848849
0.349349349349349
0.34984984984985
0.351351351351351
0.351851851851852
0.353353353353353
0.355355355355355
0.356356356356356
0.356856856856857
0.357357357357357
0.358358358358358
0.36036036036036
0.360860860860861
0.361361361361361
0.361861861861862
0.362862862862863
0.364364364364364
0.365365365365365
0.367367367367367
0.367867867867868
0.368368368368368
0.368868868868869
0.369369369369369
0.37037037037037
0.371371371371371
0.372372372372372
0.372872872872873
0.374874874874875
0.376376376376376
0.376876876876877
0.377377377377377
0.377877877877878
0.378878878878879
0.38038038038038
0.380880880880881
0.381381381381381
0.382382382382382
0.382882882882883
0.383883883883884
0.384384384384384
0.384884884884885
0.385385385385385
0.386886886886887
0.387887887887888
0.388888888888889
0.389389389389389
0.38988988988989
0.392392392392392
0.393393393393393
0.393893893893894
0.394894894894895
0.395395395395395
0.395895895895896
0.396896896896897
0.398898898898899
0.399399399399399
0.3998998998999
0.4004004004004
0.400900900900901
0.401401401401401
0.403403403403403
0.403903903903904
0.404904904904905
0.405405405405405
0.406406406406406
0.406906906906907
0.407407407407407
0.407907907907908
0.408908908908909
0.411411411411411
0.411911911911912
0.412412412412412
0.413913913913914
0.414414414414414
0.414914914914915
0.416416416416416
0.416916916916917
0.417417417417417
0.418418418418418
0.418918918918919
0.41991991991992
0.42042042042042
0.421421421421421
0.423423423423423
0.423923923923924
0.426926926926927
0.427927927927928
0.428428428428428
0.43043043043043
0.431431431431431
0.431931931931932
0.432932932932933
0.435935935935936
0.436936936936937
0.438438438438438
0.439439439439439
0.43993993993994
0.442442442442442
0.443943943943944
0.444444444444444
0.445445445445445
0.447447447447447
0.447947947947948
0.448448448448448
0.44994994994995
0.451951951951952
0.452952952952953
0.453453453453453
0.454954954954955
0.455455455455455
0.455955955955956
0.456456456456456
0.459459459459459
0.46046046046046
0.460960960960961
0.461461461461461
0.461961961961962
0.462462462462462
0.465965965965966
0.466466466466466
0.466966966966967
0.467467467467467
0.468968968968969
0.46996996996997
0.471471471471471
0.471971971971972
0.472972972972973
0.473473473473473
0.474974974974975
0.475475475475475
0.475975975975976
0.480980980980981
0.481481481481481
0.481981981981982
0.483483483483483
0.484484484484485
0.485985985985986
0.48998998998999
0.49049049049049
0.491991991991992
0.492492492492492
0.492992992992993
0.493493493493493
0.493993993993994
0.494494494494495
0.494994994994995
0.495995995995996
0.496496496496497
0.498998998998999
0.4994994994995
