0
0.00100050025012506
0.00150075037518759
0.00200100050025012
0.00300150075037519
0.00450225112556278
0.00700350175087544
0.0080040020010005
0.00950475237618809
0.0115057528764382
0.0130065032516258
0.016008004002001
0.0165082541270635
0.0175087543771886
0.0190095047523762
0.0195097548774387
0.0200100050025013
0.0205102551275638
0.0215107553776888
0.023511755877939
0.0240120060030015
0.024512256128064
0.0250125062531266
0.0255127563781891
0.0260130065032516
0.0265132566283142
0.0290145072536268
0.0295147573786893
0.0300150075037519
0.0305152576288144
0.0310155077538769
0.0325162581290645
0.0330165082541271
0.0340170085042521
0.0345172586293147
0.0355177588794397
0.0365182591295648
0.0370185092546273
0.0385192596298149
0.0410205102551276
0.0415207603801901
0.0420210105052526
0.0425212606303152
0.0435217608804402
0.0450225112556278
0.0455227613806903
0.0460230115057529
0.0470235117558779
0.0475237618809405
0.0485242621310655
0.0490245122561281
0.0500250125062531
0.0510255127563782
0.0520260130065032
0.0530265132566283
0.0535267633816908
0.0545272636318159
0.056528264132066
0.0580290145072536
0.0590295147573787
0.0600300150075037
0.0615307653826913
0.0620310155077539
0.0665332666333167
0.0670335167583792
0.0680340170085042
0.072536268134067
0.0735367683841921
0.0740370185092546
0.0770385192596298
0.0775387693846923
0.0805402701350675
0.0815407703851926
0.0830415207603802
0.0835417708854427
0.0845422711355678
0.0855427713856928
0.088544272136068
0.0890445222611306
0.0900450225112556
0.0905452726363181
0.0910455227613807
0.0930465232616308
0.0940470235117559
0.0955477738869435
0.096048024012006
0.0970485242621311
0.0990495247623812
0.0995497748874437
0.100550275137569
0.101550775387694
0.103051525762881
0.103551775887944
0.105552776388194
0.107053526763382
0.107553776888444
0.108554277138569
0.109554777388694
0.110055027513757
0.111555777888944
0.112056028014007
0.113556778389195
0.114057028514257
0.11455727863932
0.116058029014507
0.117058529264632
0.11855927963982
0.119559779889945
0.12056028014007
0.122061030515258
0.123061530765383
0.125562781390695
0.126063031515758
0.12656328164082
0.128564282141071
0.129064532266133
0.129564782391196
0.130565282641321
0.131565782891446
0.132066033016508
0.132566283141571
0.133066533266633
0.134567283641821
0.135067533766883
0.135567783891946
0.136068034017008
0.137068534267134
0.139069534767384
0.139569784892446
0.140070035017509
0.141570785392696
0.142071035517759
0.143071535767884
0.143571785892946
0.145072536268134
0.145572786393197
0.146073036518259
0.146573286643322
0.147073536768384
0.147573786893447
0.148074037018509
0.149074537268634
0.150075037518759
0.150575287643822
0.151075537768884
0.154577288644322
0.155077538769385
0.155577788894447
0.15607803901951
0.156578289144572
0.157578789394697
0.158579289644822
0.159079539769885
0.160580290145073
0.161580790395198
0.16208104052026
0.162581290645323
0.163581790895448
0.164582291145573
0.166583291645823
0.169084542271136
0.171585792896448
0.172086043021511
0.175087543771886
0.177088544272136
0.178589294647324
0.180090045022511
0.180590295147574
0.182091045522761
0.182591295647824
0.183091545772886
0.184092046023011
0.185092546273137
0.185592796398199
0.187093546773387
0.188094047023512
0.189594797398699
0.191095547773887
0.192096048024012
0.193096548274137
0.194597298649325
0.195097548774387
0.196098049024512
0.198599299649825
0.199099549774887
0.202601300650325
0.203101550775388
0.2056028014007
0.206603301650825
0.20760380190095
0.208104052026013
0.209104552276138
0.209604802401201
0.210105052526263
0.210605302651326
0.211105552776388
0.211605802901451
0.212106053026513
0.215607803901951
0.217608804402201
0.219109554777389
0.220110055027514
0.222611305652826
0.223111555777889
0.223611805902951
0.224612306153077
0.225112556278139
0.226113056528264
0.226613306653327
0.228614307153577
0.229614807403702
0.230115057528764
0.230615307653827
0.231115557778889
0.231615807903952
0.232116058029014
0.232616308154077
0.23311655827914
0.233616808404202
0.234117058529265
0.236118059029515
0.236618309154577
0.237618809404702
0.23911955977989
0.239619809904952
0.240120060030015
0.240620310155078
0.242121060530265
0.242621310655328
0.243621810905453
0.244122061030515
0.245622811405703
0.246123061530765
0.249124562281141
0.250125062531266
0.251625812906453
0.252126063031516
0.252626313156578
0.253126563281641
0.254127063531766
0.254627313656828
0.256628314157079
0.258129064532266
0.258629314657329
0.259629814907454
0.260130065032516
0.260630315157579
0.261130565282641
0.263131565782891
0.265632816408204
0.267133566783392
0.270135067533767
0.270635317658829
0.27263631815908
0.27463731865933
0.275137568784392
0.276138069034517
0.277138569284642
0.27863931965983
0.280140070035018
0.28064032016008
0.281140570285143
0.281640820410205
0.28264132066033
0.284142071035518
0.285642821410705
0.28664332166083
0.287143571785893
0.287643821910955
0.288144072036018
0.288644322161081
0.289644822411206
0.291145572786393
0.292146073036518
0.293646823411706
0.294147073536768
0.294647323661831
0.295647823911956
0.296648324162081
0.297648824412206
0.298649324662331
0.299649824912456
0.300150075037519
0.301650825412706
0.302151075537769
0.303151575787894
0.304152076038019
0.305152576288144
0.306153076538269
0.308654327163582
0.309154577288644
0.310655327663832
0.311155577788894
0.311655827913957
0.31215607803902
0.313156578289145
0.313656828414207
0.31415707853927
0.314657328664332
0.316658329164582
0.317658829414707
0.318659329664832
0.320660330165082
0.321160580290145
0.321660830415208
0.323161580790395
0.323661830915458
0.324662331165583
0.325162581290645
0.325662831415708
0.32616308154077
0.326663331665833
0.327163581790895
0.327663831915958
0.32816408204102
0.328664332166083
0.329664832416208
0.330665332666333
0.331165582791396
0.332166083041521
0.332666333166583
0.333166583291646
0.335167583791896
0.336168084042021
0.336668334167084
0.338669334667334
0.339169584792396
0.341670835417709
0.342171085542771
0.342671335667834
0.343171585792896
0.344172086043021
0.344672336168084
0.345172586293147
0.345672836418209
0.346673336668334
0.347173586793397
0.347673836918459
0.348174087043522
0.349674837418709
0.350175087543772
0.350675337668834
0.352676338169085
0.353176588294147
0.355177588794397
0.356678339169585
0.358179089544772
0.359179589794897
0.35967983991996
0.360180090045022
0.360680340170085
0.362681340670335
0.363181590795398
0.364182091045523
0.364682341170585
0.365182591295648
0.36568284142071
0.366183091545773
0.367183591795898
0.368184092046023
0.369184592296148
0.370185092546273
0.370685342671336
0.372186093046523
0.372686343171586
0.374187093546773
0.374687343671836
0.375187593796898
0.376188094047023
0.377188594297149
0.378689344672336
0.379189594797399
0.380190095047524
0.380690345172586
0.381690845422711
0.383191595797899
0.383691845922961
0.384192096048024
0.384692346173087
0.385192596298149
0.386193096548274
0.386693346673337
0.387193596798399
0.388694347173587
0.39319659829915
0.393696848424212
0.394697348674337
0.396198099049525
0.397698849424712
0.398699349674837
0.3991995997999
0.399699849924962
0.40120060030015
0.401700850425213
0.402701350675338
0.4032016008004
0.404702351175588
0.405702851425713
0.406203101550775
0.407703851925963
0.408204102051025
0.408704352176088
0.409204602301151
0.409704852426213
0.410205102551276
0.411205602801401
0.412206103051526
0.413206603301651
0.414707353676838
0.415207603801901
0.417208604302151
0.417708854427214
0.418209104552276
0.419209604802401
0.419709854927464
0.421210605302651
0.421710855427714
0.422711355677839
0.423211605802901
0.423711855927964
0.424212106053027
0.424712356178089
0.425212606303152
0.425712856428214
0.426213106553277
0.427213606803402
0.429214607303652
0.430215107553777
0.431215607803902
0.432216108054027
0.432716358179089
0.433216608304152
0.433716858429215
0.434217108554277
0.43471735867934
0.435217608804402
0.43671835917959
0.437218609304652
0.440220110055027
0.441220610305153
0.441720860430215
0.445222611305653
0.445722861430715
0.446223111555778
0.448224112056028
0.448724362181091
0.450225112556278
0.451225612806403
0.452226113056528
0.452726363181591
0.454227113556778
0.455227613806903
0.455727863931966
0.456228114057028
0.456728364182091
0.458229114557279
0.458729364682341
0.460730365182591
0.462231115557779
0.463231615807904
0.463731865932966
0.464232116058029
0.464732366183091
0.466233116558279
0.466733366683342
0.467733866933467
0.469734867433717
0.470235117558779
0.472236118059029
0.473236618309155
0.473736868434217
0.47423711855928
0.475737868934467
0.47623811905953
0.476738369184592
0.478739369684842
0.479239619809905
0.481240620310155
0.483741870935468
0.485242621310655
0.487243621810905
0.48824412206103
0.490745372686343
0.491745872936468
0.492746373186593
0.493246623311656
0.493746873436718
0.494747373686843
0.496248124062031
0.496748374187093
0.497248624312156
0.498749374687344
0.499749874937469
0.500250125062531
0.501250625312656
0.502251125562781
0.508254127063532
0.509254627313657
0.509754877438719
0.510255127563782
0.512256128064032
0.512756378189094
0.513256628314157
0.515257628814407
0.51575787893947
0.516258129064532
0.517258629314657
0.518259129564782
0.520260130065032
0.520760380190095
0.521260630315158
0.522761380690345
0.52376188094047
0.524262131065533
0.525262631315658
0.526763381690845
0.527263631815908
0.529764882441221
0.531265632816408
0.534267133566783
0.535767883941971
0.538269134567284
0.538769384692346
0.539269634817409
0.539769884942471
0.540270135067534
0.541270635317659
0.541770885442721
0.543271635817909
0.544272136068034
0.545772886443222
0.546773386693347
0.547773886943472
0.552776388194097
0.55327663831916
0.553776888444222
0.554277138569285
0.556778389194597
0.55727863931966
0.55927963981991
0.559779889944972
0.560280140070035
0.560780390195098
0.56128064032016
0.561780890445223
0.563781890945473
0.564782391195598
0.565782891445723
0.566283141570785
0.566783391695848
0.568784392196098
0.569784892446223
0.570285142571286
0.570785392696348
0.571285642821411
0.572786393196598
0.573286643321661
0.574287143571786
0.574787393696848
0.576288144072036
0.577288644322161
0.579789894947474
0.580290145072536
0.581790895447724
0.582291145572786
0.584792396198099
0.585792896448224
0.586293146573287
0.587293646823412
0.589794897448724
0.590795397698849
0.592796398199099
0.593296648324162
0.594297148574287
0.595297648824412
0.595797898949475
0.5967983991996
0.597298649324662
0.598299149574787
0.59879939969985
0.599299649824912
0.599799899949975
0.601300650325163
0.603801900950475
0.605302651325663
0.606303151575788
0.60680340170085
0.607303651825913
0.609804902451226
0.610305152576288
0.610805402701351
0.612306153076538
0.614307153576788
0.614807403701851
0.615307653826913
0.615807903951976
0.616308154077038
0.618809404702351
0.619309654827414
0.619809904952476
0.620310155077539
0.621810905452726
0.623811905952976
0.625312656328164
0.626813406703352
0.627313656828414
0.628814407203602
0.629814907453727
0.630315157578789
0.631315657828914
0.631815907953977
0.63231615807904
0.633316658329165
0.63631815907954
0.637318659329665
0.637818909454727
0.63831915957979
0.638819409704852
0.639319659829915
0.639819909954977
0.642821410705353
0.643321660830415
0.64432216108054
0.644822411205603
0.64632316158079
0.646823411705853
0.647323661830915
0.64832416208104
0.649324662331165
0.650325162581291
0.652826413206603
0.653826913456728
0.654327163581791
0.654827413706853
0.655327663831916
0.655827913956978
0.656828414207103
0.657328664332166
0.658829414707354
0.659829914957479
0.660330165082541
0.660830415207604
0.662331165582791
0.663331665832916
0.663831915957979
0.664332166083041
0.665332666333167
0.665832916458229
0.666833416708354
0.668334167083542
0.668834417208604
0.670835417708854
0.672836418209105
0.67383691845923
0.67583791895948
0.676338169084542
0.677338669334667
0.67783891945973
0.678339169584792
0.678839419709855
0.67983991995998
0.680340170085042
0.681340670335168
0.68184092046023
0.682841420710355
0.683341670835418
0.684342171085543
0.68584292146073
0.686343171585793
0.686843421710855
0.687343671835918
0.688844422211106
0.689844922461231
0.691345672836418
0.693346673336668
0.693846923461731
0.694347173586793
0.694847423711856
0.695847923961981
0.696348174087044
0.697348674337169
0.697848924462231
0.698349174587294
0.698849424712356
0.699849924962481
0.700850425212606
0.701350675337669
0.702351175587794
0.702851425712856
0.703851925962981
0.704352176088044
0.704852426213107
0.706353176588294
0.706853426713357
0.707353676838419
0.707853926963482
0.708354177088544
0.709354677338669
0.710355177588794
0.710855427713857
0.712356178089045
0.713856928464232
0.714357178589295
0.71535767883942
0.716358179089545
0.71735867933967
0.717858929464732
0.718859429714857
0.71935967983992
0.719859929964982
0.720860430215107
0.72336168084042
0.72536268134067
0.726363181590795
0.728364182091045
0.728864432216108
0.730365182591296
0.730865432716358
0.731865932966483
0.732366183091546
0.732866433216608
0.734367183591796
0.736368184092046
0.736868434217108
0.737368684342171
0.739369684842421
0.739869934967484
0.741370685342671
0.742371185592796
0.742871435717859
0.743371685842921
0.743871935967984
0.744872436218109
0.745372686343172
0.745872936468234
0.747373686843422
0.749374687343672
0.749874937468734
0.750375187593797
0.750875437718859
0.751875937968984
0.752376188094047
0.753876938469235
0.754377188594297
0.75487743871936
0.755377688844422
0.755877938969485
0.757378689344672
0.757878939469735
0.75887943971986
0.759879939969985
0.760380190095047
0.764382191095548
0.765382691345673
0.766383191595798
0.76688344172086
0.767883941970985
0.768884442221111
0.769384692346173
0.769884942471236
0.771885942971486
0.772886443221611
0.774887443721861
0.775387693846923
0.775887943971986
0.776388194097049
0.776888444222111
0.778389194597299
0.778889444722361
0.779889944972486
0.781390695347674
0.781890945472736
0.782391195597799
0.782891445722861
0.785892946473237
0.787393696848424
0.789894947473737
0.790395197598799
0.791895947973987
0.792396198099049
0.793896948474237
0.796898449224612
0.797898949474737
0.800900450225112
0.801900950475238
0.803901950975488
0.804902451225613
0.805402701350675
0.8064032016008
0.807403701850925
0.808904452226113
0.809404702351176
0.810405202601301
0.810905452726363
0.811405702851426
0.811905952976488
0.812906453226613
0.813406703351676
0.813906953476738
0.814407203601801
0.815907953976988
0.816408204102051
0.818409204602301
0.821910955477739
0.823911955977989
0.826913456728364
0.827413706853427
0.827913956978489
0.828414207103552
0.828914457228614
0.829414707353677
0.829914957478739
0.830415207603802
0.831415707853927
0.834417208604302
0.83591795897949
0.836918459229615
0.837418709354677
0.838919459729865
0.840920460230115
0.841420710355178
0.842421210605303
0.842921460730365
0.84392196098049
0.844422211105553
0.84592296148074
0.846423211605803
0.846923461730865
0.847423711855928
0.848424212106053
0.852426213106553
0.853426713356678
0.854427213606803
0.855427713856928
0.855927963981991
0.856428214107053
0.856928464232116
0.857428714357178
0.857928964482241
0.858429214607304
0.859429714857429
0.860430215107554
0.860930465232616
0.862431215607804
0.863431715857929
0.863931965982991
0.864432216108054
0.864932466233116
0.865932966483242
0.866433216608304
0.867433716858429
0.867933966983492
0.868434217108554
0.868934467233617
0.870435217608804
0.870935467733867
0.872936468234117
0.874437218609305
0.876438219109555
0.877938969484742
0.878939469734867
0.879939969984992
0.880940470235117
0.88144072036018
0.882441220610305
0.882941470735368
0.884442221110555
0.884942471235618
0.88544272136068
0.886443221610805
0.88744372186093
0.888444222111055
0.888944472236118
0.890945472736368
0.891945972986493
0.892946473236618
0.893946973486743
0.894447223611806
0.894947473736868
0.895447723861931
0.895947973986993
0.896448224112056
0.896948474237119
0.897448724362181
0.902451225612806
0.904952476238119
0.905952976488244
0.906453226613307
0.906953476738369
0.907453726863432
0.907953976988494
0.908454227113557
0.909454727363682
0.910455227613807
0.911455727863932
0.91295647823912
0.914457228614307
0.91495747873937
0.915457728864432
0.916458229114557
0.917458729364682
0.917958979489745
0.918459229614807
0.919959979989995
0.92096048024012
0.921460730365183
0.921960980490245
0.922461230615308
0.923461730865433
0.923961980990495
0.924462231115558
0.92496248124062
0.926463231615808
0.927463731865933
0.927963981990995
0.928464232116058
0.929964982491246
0.930465232616308
0.931965982991496
0.932466233116558
0.932966483241621
0.933466733366683
0.934467233616808
0.934967483741871
0.935467733866933
0.935967983991996
0.936468234117058
0.937468734367183
0.937968984492246
0.938969484742371
0.939969984992496
0.940470235117559
0.940970485242621
0.941970985492746
0.942471235617809
0.942971485742871
0.944472236118059
0.945972986493247
0.946473236618309
0.946973486743372
0.947473736868434
0.948474237118559
0.948974487243622
0.952476238119059
0.952976488244122
0.953476738369185
0.953976988494247
0.95447723861931
0.954977488744372
0.959479739869935
0.959979989994997
0.960980490245122
0.961980990495248
0.963981990995498
0.965982991495748
0.966983491745873
0.96848424212106
0.969984992496248
0.970485242621311
0.970985492746373
0.971485742871436
0.971985992996498
0.972486243121561
0.974987493746873
0.975487743871936
0.975987993996998
0.976488244122061
0.977488744372186
0.978489244622311
0.978989494747374
0.979489744872436
0.979989994997499
0.981490745372686
0.984492246123061
0.984992496248124
0.985492746373187
0.985992996498249
0.986493246623312
0.987493746873437
0.988494247123562
0.989494747373687
0.991995997998999
0.992496248124062
0.992996498249125
0.99399699849925
0.995497748874437
0.996998499249625
0.997498749374687
0.998499249624812
1
0
0.0005005005005005
0.0015015015015015
0.003003003003003
0.004004004004004
0.00550550550550551
0.00650650650650651
0.00700700700700701
0.00800800800800801
0.00850850850850851
0.00900900900900901
0.00950950950950951
0.0105105105105105
0.0115115115115115
0.012012012012012
0.0125125125125125
0.0135135135135135
0.0155155155155155
0.016016016016016
0.0175175175175175
0.019019019019019
0.0195195195195195
0.0215215215215215
0.0235235235235235
0.0245245245245245
0.025025025025025
0.0255255255255255
0.028028028028028
0.032032032032032
0.0325325325325325
0.035035035035035
0.036036036036036
0.0365365365365365
0.037037037037037
0.038038038038038
0.0385385385385385
0.039039039039039
0.0395395395395395
0.04004004004004
0.041041041041041
0.042042042042042
0.043043043043043
0.044044044044044
0.0445445445445445
0.0455455455455455
0.049049049049049
0.0510510510510511
0.0515515515515515
0.0530530530530531
0.0535535535535536
0.0540540540540541
0.0550550550550551
0.0565565565565566
0.0570570570570571
0.0585585585585586
0.0600600600600601
0.0615615615615616
0.0620620620620621
0.0640640640640641
0.0645645645645646
0.0655655655655656
0.0660660660660661
0.0665665665665666
0.0670670670670671
0.0675675675675676
0.0690690690690691
0.0705705705705706
0.0710710710710711
0.0715715715715716
0.0725725725725726
0.0730730730730731
0.0755755755755756
0.0770770770770771
0.0780780780780781
0.0785785785785786
0.0790790790790791
0.0795795795795796
0.0810810810810811
0.0825825825825826
0.0830830830830831
0.0875875875875876
0.0895895895895896
0.0905905905905906
0.0910910910910911
0.0925925925925926
0.0930930930930931
0.0940940940940941
0.0965965965965966
0.0975975975975976
0.0995995995995996
0.100600600600601
0.101101101101101
0.102102102102102
0.103103103103103
0.104104104104104
0.104604604604605
0.105105105105105
0.105605605605606
0.109109109109109
0.110610610610611
0.111111111111111
0.113113113113113
0.113613613613614
0.117617617617618
0.119119119119119
0.12012012012012
0.121121121121121
0.122122122122122
0.123123123123123
0.124124124124124
0.125125125125125
0.126126126126126
0.126626626626627
0.127127127127127
0.128128128128128
0.129129129129129
0.12962962962963
0.13013013013013
0.131131131131131
0.132132132132132
0.132632632632633
0.133133133133133
0.133633633633634
0.134634634634635
0.135635635635636
0.137137137137137
0.137637637637638
0.138638638638639
0.14014014014014
0.140640640640641
0.141641641641642
0.142142142142142
0.142642642642643
0.144144144144144
0.145145145145145
0.145645645645646
0.146146146146146
0.147647647647648
0.148148148148148
0.149149149149149
0.14964964964965
0.150650650650651
0.151151151151151
0.152152152152152
0.155655655655656
0.156156156156156
0.158158158158158
0.158658658658659
0.159159159159159
0.15965965965966
0.161161161161161
0.161661661661662
0.162162162162162
0.164164164164164
0.165165165165165
0.167667667667668
0.169169169169169
0.17017017017017
0.170670670670671
0.171671671671672
0.172672672672673
0.174674674674675
0.175175175175175
0.175675675675676
0.176676676676677
0.177677677677678
0.178678678678679
0.179179179179179
0.17967967967968
0.182182182182182
0.182682682682683
0.183683683683684
0.184184184184184
0.185685685685686
0.186186186186186
0.187687687687688
0.19019019019019
0.190690690690691
0.191691691691692
0.192692692692693
0.193193193193193
0.196196196196196
0.197697697697698
0.198198198198198
0.2002002002002
0.200700700700701
0.202202202202202
0.203703703703704
0.204204204204204
0.204704704704705
0.205205205205205
0.206206206206206
0.209209209209209
0.20970970970971
0.210710710710711
0.211211211211211
0.211711711711712
0.212212212212212
0.212712712712713
0.213213213213213
0.214214214214214
0.215215215215215
0.217217217217217
0.217717717717718
0.218218218218218
0.219219219219219
0.221221221221221
0.222222222222222
0.222722722722723
0.223223223223223
0.223723723723724
0.225225225225225
0.228228228228228
0.228728728728729
0.229229229229229
0.233733733733734
0.234234234234234
0.235735735735736
0.238238238238238
0.238738738738739
0.239239239239239
0.24024024024024
0.241241241241241
0.242242242242242
0.242742742742743
0.243243243243243
0.243743743743744
0.244244244244244
0.244744744744745
0.245245245245245
0.245745745745746
0.246746746746747
0.247247247247247
0.247747747747748
0.248248248248248
0.24974974974975
0.250750750750751
0.251751751751752
0.253253253253253
0.253753753753754
0.254754754754755
0.255255255255255
0.256756756756757
0.257757757757758
0.258258258258258
0.25975975975976
0.261761761761762
0.263763763763764
0.264264264264264
0.264764764764765
0.265765765765766
0.268768768768769
0.26976976976977
0.27027027027027
0.270770770770771
0.271771771771772
0.272772772772773
0.273273273273273
0.273773773773774
0.274774774774775
0.278278278278278
0.278778778778779
0.279279279279279
0.27977977977978
0.280780780780781
0.281281281281281
0.281781781781782
0.283283283283283
0.283783783783784
0.284284284284284
0.284784784784785
0.285785785785786
0.287287287287287
0.287787787787788
0.29029029029029
0.290790790790791
0.291291291291291
0.292292292292292
0.293793793793794
0.294294294294294
0.295295295295295
0.295795795795796
0.297297297297297
0.298298298298298
0.299299299299299
0.301301301301301
0.301801801801802
0.302802802802803
0.303303303303303
0.306306306306306
0.307307307307307
0.308308308308308
0.31031031031031
0.312812812812813
0.313313313313313
0.315315315315315
0.317317317317317
0.317817817817818
0.318318318318318
0.32032032032032
0.321321321321321
0.321821821821822
0.322322322322322
0.322822822822823
0.323323323323323
0.324324324324324
0.326326326326326
0.327327327327327
0.327827827827828
0.328828828828829
0.331831831831832
0.332332332332332
0.332832832832833
0.333833833833834
0.334834834834835
0.335335335335335
0.335835835835836
0.336836836836837
0.337337337337337
0.337837837837838
0.338838838838839
0.339339339339339
0.341341341341341
0.341841841841842
0.342342342342342
0.342842842842843
0.343343343343343
0.343843843843844
0.344344344344344
0.345345345345345
0.345845845845846
0.346346346346346
0.347347347347347
0.35035035035035
0.350850850850851
0.352352352352352
0.352852852852853
0.353853853853854
0.354354354354354
0.354854854854855
0.355855855855856
0.357857857857858
0.358858858858859
0.359359359359359
0.35985985985986
0.362362362362362
0.363363363363363
0.363863863863864
0.364864864864865
0.365865865865866
0.366366366366366
0.366866866866867
0.36986986986987
0.370870870870871
0.371871871871872
0.373373373373373
0.373873873873874
0.374374374374374
0.375375375375375
0.375875875875876
0.378378378378378
0.379379379379379
0.37987987987988
0.381881881881882
0.383383383383383
0.385885885885886
0.386386386386386
0.387387387387387
0.388388388388388
0.39039039039039
0.390890890890891
0.391391391391391
0.391891891891892
0.392892892892893
0.394394394394394
0.396396396396396
0.397397397397397
0.397897897897898
0.398398398398398
0.401901901901902
0.402402402402402
0.402902902902903
0.404404404404404
0.405905905905906
0.408408408408408
0.409409409409409
0.40990990990991
0.41041041041041
0.410910910910911
0.412912912912913
0.413413413413413
0.415415415415415
0.415915915915916
0.417917917917918
0.419419419419419
0.420920920920921
0.421921921921922
0.422422422422422
0.422922922922923
0.424424424424424
0.424924924924925
0.425425425425425
0.425925925925926
0.426426426426426
0.427427427427427
0.428928928928929
0.429429429429429
0.42992992992993
0.430930930930931
0.432432432432432
0.433433433433433
0.433933933933934
0.434434434434434
0.434934934934935
0.435435435435435
0.436436436436436
0.437437437437437
0.437937937937938
0.438938938938939
0.44044044044044
0.440940940940941
0.441441441441441
0.441941941941942
0.442942942942943
0.443443443443443
0.444944944944945
0.445945945945946
0.446446446446446
0.446946946946947
0.448948948948949
0.449449449449449
0.45045045045045
0.450950950950951
0.451451451451451
0.452452452452452
0.453953953953954
0.454454454454454
0.456956956956957
0.457457457457457
0.457957957957958
0.458458458458458
0.458958958958959
0.45995995995996
0.462962962962963
0.463463463463463
0.463963963963964
0.464464464464464
0.464964964964965
0.465465465465465
0.467967967967968
0.468468468468468
0.469469469469469
0.47047047047047
0.470970970970971
0.472472472472472
0.473973973973974
0.474474474474474
0.476476476476476
0.476976976976977
0.477477477477477
0.477977977977978
0.478478478478478
0.478978978978979
0.479479479479479
0.47997997997998
0.48048048048048
0.482482482482482
0.482982982982983
0.483983983983984
0.484984984984985
0.485485485485485
0.486486486486486
0.486986986986987
0.487487487487487
0.487987987987988
0.488488488488488
0.488988988988989
0.48948948948949
0.490990990990991
0.491491491491491
0.495495495495495
0.496996996996997
0.497497497497497
0.497997997997998
0.498498498498498
